177
1 128 129 2 131 3 4 137 138 139 14 15 16 145 17 147 20 149 150 22 23 151 24 26 27 28 29 30 161 33 164 39 41 169 43 171 45 173 47 175 48 49 177 50 53 59 62 63 64 65 66 71 73 76 79 80 82 86 91 92 94 96 99 101 105 107 108 109 110 112 113 117 122 124 125 127 
2 1 3 4 132 5 134 135 136 139 140 12 14 16 17 18 19 147 148 151 24 28 29 30 158 160 33 34 36 39 168 41 169 42 171 43 44 46 47 175 51 57 62 63 64 66 69 73 79 80 82 94 97 100 101 102 103 105 107 109 110 113 116 117 118 124 127 
3 1 130 134 7 137 10 13 143 16 144 145 150 151 153 27 28 160 161 34 167 41 170 171 43 173 45 174 177 50 53 55 56 60 67 69 76 79 81 82 83 87 91 93 103 104 105 107 109 111 115 121 122 124 125 126 
4 67 134 7 8 72 137 10 12 140 143 81 145 25 154 90 156 30 31 161 35 37 38 102 39 104 106 176 114 115 118 57 58 59 61 
5 1 2 3 7 9 10 14 15 16 17 20 21 22 23 26 28 29 30 31 33 36 40 43 44 45 46 49 51 53 54 55 57 59 61 62 63 64 66 70 71 72 75 76 80 82 83 84 85 87 88 91 93 94 96 98 99 103 104 105 107 108 109 110 111 112 114 115 118 120 122 123 124 125 126 127 128 131 132 133 135 139 142 144 151 152 153 155 158 159 160 162 165 166 167 168 169 171 172 173 175 176 177 
6 67 136 10 74 140 77 78 143 144 81 87 24 152 25 153 90 154 29 30 31 95 32 162 34 35 37 102 106 172 47 176 114 118 56 121 57 58 61 
7 67 134 136 137 74 140 78 145 86 87 25 90 154 156 29 30 159 95 34 102 104 115 118 56 57 121 61 
8 67 74 10 12 140 78 143 145 86 24 25 90 156 29 30 159 95 31 161 162 34 35 102 38 104 176 114 115 118 56 57 121 58 59 61 
9 67 4 6 7 136 8 137 74 140 77 78 144 81 145 86 87 25 153 90 156 29 30 159 32 161 34 162 102 104 106 176 114 115 52 56 57 59 61 
10 34 35 102 143 145 118 86 56 121 25 57 90 154 59 156 29 61 30 159 31 
11 65 66 4 6 7 72 9 137 138 74 12 140 78 143 144 145 22 87 154 91 92 156 159 95 32 161 162 163 37 102 104 47 176 114 115 52 118 56 121 58 59 
12 134 7 136 137 74 10 140 78 143 145 86 87 25 90 154 156 29 30 159 95 31 34 104 114 115 118 56 57 59 61 
13 129 65 4 69 135 7 136 9 73 11 140 12 141 77 79 144 81 145 146 19 85 22 153 27 91 32 160 35 101 37 39 170 106 172 174 47 111 48 114 115 52 116 117 118 119 56 121 58 
14 1 2 3 5 134 135 136 137 140 12 141 15 144 145 149 22 151 152 154 156 159 31 162 164 36 37 167 42 43 172 45 173 175 177 51 53 57 58 59 61 62 69 70 81 82 83 87 100 105 107 108 109 110 112 113 116 123 126 
15 128 1 130 2 3 131 5 133 7 137 138 139 140 12 13 14 142 144 16 17 20 150 23 151 24 153 154 28 158 31 32 33 34 162 36 37 165 38 167 168 41 169 43 171 44 45 173 175 48 176 177 53 58 59 61 63 67 69 70 71 72 75 80 81 82 86 89 93 94 96 102 103 104 105 107 108 109 110 111 112 113 116 117 121 122 123 124 125 127 
16 1 130 2 131 3 4 5 6 135 136 12 142 14 143 144 17 146 148 20 149 151 24 25 155 28 158 30 159 31 160 33 166 38 167 40 41 169 171 43 47 175 49 177 50 53 56 57 59 60 63 64 65 66 69 71 72 73 76 80 82 88 93 94 98 99 101 103 104 105 107 108 109 110 113 119 124 127 
17 128 1 131 3 6 7 136 137 141 14 147 19 148 20 151 152 154 29 30 34 162 164 38 39 167 168 169 42 43 172 174 175 48 177 50 51 52 64 70 71 72 76 80 82 84 90 92 94 96 97 103 105 106 107 108 109 119 120 124 127 
18 1 2 3 4 5 11 12 13 14 15 16 17 20 25 26 27 28 30 33 36 39 40 43 44 45 46 49 50 51 53 55 56 57 63 64 65 69 70 71 74 75 76 77 80 81 82 83 84 85 87 88 89 90 92 93 94 98 100 102 103 105 106 107 108 109 110 114 115 116 118 122 123 124 126 127 128 129 130 131 133 134 138 139 142 143 145 150 151 152 155 156 157 158 161 163 166 167 168 169 171 172 173 175 177 
19 129 130 4 7 135 8 144 145 147 22 23 153 154 27 31 159 32 161 163 35 37 166 176 49 50 54 57 59 60 62 65 68 73 77 81 85 86 87 91 92 95 99 100 104 106 111 113 115 117 119 
20 1 2 3 131 4 5 7 10 14 144 145 17 146 18 19 150 151 24 152 153 26 29 157 30 159 160 33 34 163 164 166 167 169 171 43 175 177 52 53 55 57 63 66 70 71 72 73 74 75 79 81 82 84 88 89 92 94 98 102 105 107 108 109 110 112 116 121 124 126 127 
21 132 4 6 7 137 10 140 12 146 147 152 24 153 25 156 31 32 162 35 37 166 39 47 176 54 56 57 58 59 60 61 62 67 69 79 81 83 87 90 92 95 99 100 101 104 114 115 117 118 
22 65 66 6 7 8 72 136 137 9 73 10 12 140 77 78 143 144 146 86 87 152 25 153 154 157 159 95 31 32 161 34 162 163 37 166 38 176 114 115 52 118 121 59 61 
23 65 66 4 134 6 7 135 8 72 73 9 11 140 12 78 79 83 21 87 152 154 157 29 95 162 101 170 46 174 47 112 49 50 114 115 117 54 57 61 62 
24 67 134 136 137 10 74 12 140 78 143 144 145 86 87 154 156 29 30 31 34 35 102 38 104 176 115 118 56 59 61 
25 145 35 118 121 57 156 29 143 95 31 
26 1 2 6 13 14 15 17 19 20 21 22 23 24 25 28 29 30 31 32 33 34 36 37 38 40 41 43 44 45 46 47 50 53 55 56 57 59 61 62 63 64 65 66 70 71 75 77 79 80 82 85 88 89 90 92 94 96 98 99 102 103 105 106 107 108 109 110 112 113 114 118 121 122 123 124 127 128 129 130 131 133 138 141 145 147 151 154 164 165 167 168 169 170 171 173 175 177 
27 129 67 68 132 69 134 7 135 8 73 138 140 12 141 143 79 81 148 21 86 23 24 153 154 90 91 156 93 30 95 159 31 160 163 99 100 164 101 38 46 174 112 50 115 119 57 58 59 
28 1 2 3 5 6 7 8 12 14 15 16 17 20 25 26 31 32 33 36 37 41 43 44 45 47 48 49 51 53 55 57 58 60 61 63 64 70 71 74 75 79 80 82 83 87 88 89 94 96 97 98 99 100 101 102 103 105 107 108 109 110 112 114 116 117 120 122 123 124 125 126 127 128 131 132 133 137 142 144 145 147 150 151 152 153 154 155 156 160 162 165 167 168 169 171 172 173 175 177 
29 31 
30 34 35 102 143 145 118 86 56 57 121 25 154 90 59 156 29 61 159 31 
31 
32 67 134 7 136 72 137 10 74 12 140 77 78 143 144 81 145 87 24 152 153 25 154 90 156 95 161 162 38 102 104 172 47 114 115 52 118 121 57 59 
33 2 3 5 133 6 137 138 11 139 12 140 13 14 17 146 147 19 22 151 24 155 30 31 162 35 37 168 41 169 171 43 172 173 45 46 47 175 57 60 62 66 67 71 78 81 82 85 86 87 90 92 94 95 96 97 103 105 107 109 112 115 117 118 120 121 124 125 127 
34 145 35 118 25 57 121 156 29 143 31 95 
35 145 118 57 156 29 31 95 143 
36 128 1 2 131 3 5 133 134 7 10 138 139 11 142 14 143 15 16 145 17 20 21 151 24 25 28 157 29 30 158 32 160 161 33 165 38 166 39 167 40 168 169 171 43 44 173 45 175 48 177 51 52 53 55 57 60 63 64 66 67 68 69 70 71 74 75 77 78 80 81 82 83 84 85 86 88 89 90 94 96 98 103 105 107 108 109 110 114 119 122 123 124 125 126 127 
37 134 7 8 136 72 137 140 77 78 143 144 145 86 87 24 25 90 154 156 30 31 159 95 161 35 38 39 104 106 176 114 52 121 58 59 61 
38 67 134 7 136 137 74 10 12 140 78 143 86 87 90 154 29 30 31 95 159 34 104 176 114 118 56 57 58 61 
39 134 7 8 136 137 74 12 78 144 87 25 154 29 30 31 159 95 161 162 34 35 102 38 104 106 114 52 118 57 121 58 59 61 
40 1 2 4 6 7 9 11 12 14 15 16 17 20 21 25 26 28 29 31 33 36 38 39 42 43 44 45 48 51 52 53 55 58 59 63 64 67 68 69 70 71 72 74 75 76 80 82 83 86 87 88 93 94 95 96 98 99 101 103 104 105 107 108 110 114 115 118 119 122 123 124 126 127 128 131 133 136 139 140 141 143 145 150 151 152 153 155 156 158 159 162 165 167 168 169 171 173 175 177 
41 66 67 134 6 7 8 137 138 11 140 13 78 79 143 81 145 146 147 21 86 153 25 90 92 93 157 30 95 159 160 162 35 163 102 38 39 104 47 48 49 114 118 54 125 
42 65 134 135 7 9 11 140 78 81 145 146 19 148 21 22 150 87 152 25 27 91 92 156 93 95 159 160 32 97 34 100 101 166 46 48 49 114 50 116 52 117 54 118 56 57 58 59 61 
43 128 1 2 134 7 8 138 10 13 141 142 144 18 147 21 25 153 155 28 31 161 33 164 168 42 171 45 175 47 177 50 52 57 59 60 66 70 71 77 89 90 92 93 94 97 105 107 109 115 118 120 125 
44 1 2 131 3 7 8 9 137 10 141 142 14 15 16 17 146 20 149 23 151 24 155 156 30 161 33 36 37 39 168 40 41 169 42 171 43 45 174 175 177 51 53 55 56 59 63 70 71 76 78 80 82 83 85 87 93 94 96 100 103 104 105 106 107 108 109 110 111 113 114 115 121 124 126 127 
45 128 1 2 131 3 6 7 136 137 138 12 140 142 14 15 144 16 145 17 146 147 20 149 150 151 154 26 28 156 158 160 33 34 164 165 166 38 167 41 169 42 171 43 44 173 175 176 49 177 50 52 53 54 55 56 59 63 64 67 68 69 70 71 74 75 78 79 80 81 82 85 86 94 96 98 103 105 107 108 109 110 112 117 119 121 122 123 124 125 126 127 
46 129 65 66 67 132 134 6 135 7 140 12 79 81 145 83 148 21 86 22 87 153 154 90 91 156 92 29 159 31 32 162 163 100 101 166 104 172 174 47 176 112 113 50 115 52 54 56 62 
47 67 134 7 8 137 10 140 77 78 143 144 81 86 152 24 25 153 154 156 29 31 159 161 34 162 35 38 39 106 172 114 118 56 57 121 58 
48 129 130 132 8 9 143 145 146 19 23 152 24 153 25 154 27 156 157 31 32 161 34 35 164 46 174 176 50 52 59 60 62 66 68 72 74 78 87 91 95 100 101 104 106 112 114 116 117 119 121 125 
49 65 130 67 4 6 134 8 73 9 137 74 11 12 77 144 81 146 22 152 25 153 90 154 91 92 156 30 95 161 162 34 35 164 101 37 106 174 115 52 118 56 58 59 61 
50 130 67 69 134 6 7 8 136 72 74 10 140 77 78 143 81 145 146 22 86 152 91 92 29 157 31 95 159 32 34 35 37 102 38 172 174 47 49 114 118 56 121 57 58 59 
51 1 2 3 4 5 8 9 10 12 14 15 16 17 18 20 22 23 24 26 27 28 30 32 33 34 36 37 38 43 44 45 53 55 61 62 63 64 69 70 71 72 73 74 75 77 79 80 82 86 87 88 90 91 92 94 98 101 103 105 106 107 108 109 110 114 117 122 123 124 125 126 127 128 130 131 132 133 135 136 138 139 141 142 143 145 150 151 160 162 165 167 168 169 171 172 173 175 177 
52 134 7 72 10 74 12 78 143 144 145 86 87 24 90 154 29 30 159 95 162 34 35 38 102 104 106 114 115 118 56 57 121 58 59 61 
53 128 1 2 3 131 132 133 5 6 134 7 137 9 10 139 12 142 14 17 18 19 20 22 151 153 26 156 29 31 32 33 35 163 37 165 166 169 43 171 175 177 51 58 60 61 63 65 67 68 69 70 71 78 79 82 86 87 88 90 92 94 99 105 106 107 108 109 110 118 119 120 122 124 125 127 
54 66 67 4 7 136 8 73 137 74 138 77 78 143 79 144 145 146 147 148 22 24 25 153 157 95 159 161 34 99 163 35 37 101 102 166 39 172 47 176 113 52 56 57 58 59 60 125 
55 128 1 2 131 3 132 133 7 137 10 139 140 141 142 14 15 144 16 17 20 22 150 151 24 25 154 27 156 30 31 32 33 34 164 36 165 39 167 40 168 169 42 171 43 44 45 173 175 176 48 49 177 53 56 62 63 64 66 67 69 70 71 72 74 75 78 80 82 84 85 88 89 93 94 96 98 103 105 106 107 108 109 110 113 114 116 119 121 122 123 124 126 127 
56 34 35 102 143 145 86 118 57 121 25 154 90 59 156 61 29 95 31 
57 145 29 31 
58 134 7 136 137 10 74 12 78 143 145 87 25 154 156 29 30 159 95 31 162 34 35 102 104 114 115 118 56 57 121 59 61 
59 34 35 143 145 86 118 57 121 25 90 156 29 95 31 
60 67 4 7 72 137 138 10 11 140 12 77 143 144 81 145 22 87 24 152 154 90 91 92 156 157 95 159 31 32 161 35 164 102 166 104 47 176 114 118 57 58 61 
61 35 143 145 118 86 25 57 121 90 59 156 29 95 31 
62 65 66 4 134 136 73 74 10 78 143 79 144 145 146 83 148 22 87 153 91 92 30 31 95 32 162 34 35 164 37 102 174 47 112 176 50 115 52 54 56 57 125 
63 1 2 3 133 5 7 8 137 138 139 14 143 16 145 17 21 22 151 24 152 27 156 30 33 166 169 170 43 171 173 45 174 47 175 176 49 177 50 52 61 66 71 72 79 80 81 82 83 87 90 92 93 94 97 102 105 107 108 109 112 113 114 116 119 120 121 122 124 126 127 
64 128 1 2 3 131 4 133 134 9 138 10 12 13 142 143 15 16 17 147 20 150 23 151 152 153 25 154 26 155 158 31 33 34 35 36 37 165 167 168 169 43 171 44 173 45 174 46 175 48 177 52 53 58 59 61 63 66 68 70 71 72 73 74 75 76 77 78 80 82 85 87 88 90 91 93 94 96 98 103 105 107 108 109 110 112 114 118 119 123 124 126 127 
65 4 6 7 72 136 9 10 12 140 78 143 81 145 86 24 25 154 157 29 95 31 159 32 34 35 163 38 102 104 106 172 47 176 114 115 52 118 57 59 
66 134 6 136 8 72 73 137 10 140 77 78 144 81 146 86 87 24 25 90 154 157 95 31 159 32 161 34 162 35 37 38 39 104 172 47 114 115 57 58 59 61 
67 34 35 102 10 140 143 145 118 56 57 121 25 90 154 59 156 29 61 30 159 95 31 
68 65 129 130 67 4 134 7 137 9 141 143 145 81 146 22 86 23 24 25 156 157 32 161 35 164 37 101 102 38 104 106 46 176 114 117 118 54 119 57 58 59 62 
69 65 130 7 8 72 137 73 11 12 140 77 78 143 81 146 147 86 24 152 153 90 154 91 157 159 31 34 164 37 38 102 166 39 106 174 49 114 115 118 56 121 59 60 61 
70 1 130 2 3 131 6 134 7 8 9 12 142 14 16 17 146 19 147 20 22 23 151 25 154 26 157 158 30 31 160 33 167 39 41 169 43 171 44 174 46 175 177 53 55 61 62 63 64 65 66 69 71 73 75 76 78 79 80 81 82 87 89 91 92 94 96 101 102 103 104 105 107 108 109 110 113 121 122 124 127 
71 2 131 3 132 133 134 6 10 139 140 141 14 143 145 17 23 151 27 157 158 33 34 35 163 165 166 167 40 169 170 171 43 47 175 176 59 61 63 65 66 77 79 80 81 82 84 87 90 93 94 98 100 103 105 106 107 109 112 113 121 124 126 127 
72 67 134 7 8 136 137 74 10 140 12 143 145 86 87 24 25 90 156 29 30 95 31 159 161 162 34 35 176 114 115 118 56 121 58 59 
73 65 4 134 7 8 136 72 9 137 10 74 12 144 145 146 86 87 152 25 154 90 156 157 30 31 95 159 161 34 163 38 102 39 104 106 172 47 114 52 118 56 57 121 59 
74 34 67 35 134 102 10 140 143 145 86 118 56 25 121 90 154 59 61 29 159 31 95 
75 1 2 131 3 132 4 5 135 136 141 142 14 143 15 16 145 17 146 20 149 23 151 25 153 154 156 29 158 159 32 161 33 35 36 165 167 169 43 171 44 46 47 175 177 53 55 56 58 62 63 66 70 71 72 73 80 81 82 83 84 86 88 90 94 97 101 103 105 107 108 109 110 113 117 122 124 127 
76 1 2 3 8 9 12 14 15 16 17 18 19 20 21 26 27 28 29 30 31 32 33 36 39 40 41 42 43 44 45 47 51 53 55 57 58 60 63 64 65 66 67 68 70 71 74 75 79 80 82 86 88 91 92 93 94 96 98 99 103 105 107 108 109 110 112 114 120 121 122 123 124 126 127 128 129 131 132 133 135 136 139 142 143 144 146 147 149 150 151 153 154 155 161 165 167 168 169 171 172 173 175 176 177 
77 134 136 72 137 74 10 12 140 78 143 144 145 86 87 25 154 156 30 95 31 159 161 35 38 39 104 176 115 52 118 56 57 121 59 
78 34 67 102 134 136 137 74 10 140 143 118 56 121 25 57 90 59 156 61 29 30 31 159 
79 65 66 134 8 72 137 11 12 78 143 144 145 81 146 147 24 152 153 154 156 31 32 35 164 37 101 38 102 166 39 104 106 172 174 47 176 113 49 114 115 52 118 121 57 
80 1 2 3 131 134 7 135 136 137 10 13 142 14 144 16 145 17 18 20 21 149 151 24 153 27 157 159 33 162 163 35 36 166 169 42 43 171 172 174 47 175 48 177 53 54 56 60 61 63 64 66 70 71 72 73 78 81 82 84 88 89 93 94 96 99 100 103 105 107 108 109 110 112 116 121 122 123 124 126 127 
81 67 8 72 10 12 140 77 78 143 144 145 24 25 154 156 29 30 95 31 159 161 162 34 35 37 38 39 104 106 176 114 115 52 118 56 121 58 61 
82 1 3 133 135 8 136 137 138 12 140 14 15 16 147 20 21 23 151 28 157 29 30 160 34 165 166 167 39 168 169 43 172 46 175 51 56 57 63 67 69 74 76 78 80 85 92 94 97 101 102 103 104 105 106 107 108 118 122 123 
83 65 130 66 69 6 9 74 138 140 77 79 143 81 147 87 24 152 25 90 154 29 157 30 95 159 32 35 163 164 101 37 102 166 106 176 113 49 114 115 52 118 121 59 60 61 125 
84 129 4 6 134 136 137 13 145 19 147 148 149 22 25 29 160 32 161 35 164 37 38 166 41 172 46 176 48 58 60 61 65 66 67 69 78 81 83 87 90 92 95 99 106 113 114 115 117 119 120 125 
85 65 130 132 4 69 8 9 74 140 77 78 79 143 146 147 83 152 153 25 156 157 29 30 31 159 32 161 162 34 163 164 101 166 38 39 104 106 172 112 113 50 116 118 59 60 125 
86 145 34 35 118 25 57 121 156 29 95 143 31 
87 67 134 136 137 74 10 140 78 143 145 25 154 90 156 29 31 95 34 35 102 118 56 121 59 61 
88 128 129 1 2 131 3 132 133 6 10 11 139 12 14 142 143 15 16 146 20 149 21 22 151 24 153 25 155 28 156 31 159 33 162 163 36 165 38 166 168 40 41 169 42 170 43 171 172 44 173 45 175 176 177 50 51 53 54 58 60 62 63 64 70 74 75 76 80 81 82 94 96 97 100 103 104 105 107 108 109 110 111 112 115 118 120 124 126 127 
89 1 2 3 5 6 12 14 15 16 17 18 19 20 23 26 27 28 29 30 32 33 34 35 36 39 40 42 43 44 45 46 49 50 53 55 58 61 62 63 64 66 67 68 70 71 75 76 77 79 80 81 82 84 85 86 87 88 90 94 96 97 98 100 104 105 106 107 108 109 110 112 120 122 123 124 126 127 128 129 130 131 133 134 135 139 141 142 144 145 146 147 148 149 151 155 158 163 165 167 168 169 170 171 173 175 177 
90 34 35 143 145 86 118 25 57 121 156 29 31 95 
91 65 67 4 6 138 10 12 77 143 144 145 22 87 24 152 25 154 90 92 30 95 159 32 161 162 35 37 102 38 39 106 47 52 118 57 121 58 61 
92 65 4 134 7 136 72 9 73 138 10 12 77 143 144 81 146 86 22 87 152 24 25 156 157 30 95 159 161 34 162 35 38 102 39 104 172 174 47 176 115 58 
93 66 130 67 69 72 9 137 74 138 10 140 77 79 144 145 83 147 22 87 152 153 25 154 91 92 29 157 95 31 32 161 34 162 35 99 100 164 101 37 38 172 176 49 54 57 59 60 
94 128 1 3 4 134 7 138 10 139 14 146 19 147 20 21 149 22 151 152 153 26 154 158 32 164 37 166 39 169 41 43 44 47 175 176 49 51 54 58 59 61 62 67 70 76 77 79 80 82 86 105 106 107 108 112 113 120 125 
95 145 118 57 29 31 143 
96 128 129 1 2 131 3 7 139 140 12 141 142 14 16 17 18 19 148 20 149 151 152 24 154 26 155 156 30 32 160 33 162 34 164 39 167 168 169 42 170 171 43 44 173 45 46 47 175 176 177 50 52 53 56 63 66 70 71 75 80 82 83 84 89 90 94 95 97 98 100 103 105 107 108 109 110 112 113 115 122 123 124 126 127 
97 130 132 6 135 136 9 11 140 144 145 147 150 23 152 154 27 157 159 31 32 161 34 35 164 38 172 46 49 54 57 61 66 72 73 74 78 79 85 87 92 93 99 100 101 102 104 111 113 114 115 116 125 
98 128 129 1 2 131 3 4 133 134 136 9 138 11 139 14 142 143 15 144 16 17 18 146 19 148 20 21 149 150 151 152 25 26 28 156 31 33 36 165 167 168 41 169 42 171 43 172 44 173 45 174 175 49 51 53 55 61 63 64 65 68 69 70 71 72 74 75 78 80 82 83 88 90 91 92 94 96 97 100 102 103 105 106 107 109 110 113 114 121 123 127 
99 65 66 67 69 134 7 72 137 10 74 81 83 147 148 152 24 25 91 92 29 30 95 34 162 163 164 38 102 39 104 106 174 47 176 49 114 115 52 118 56 121 58 59 125 
100 65 66 67 69 72 136 73 74 138 11 78 81 145 146 83 147 22 152 24 153 154 91 92 156 30 31 161 163 164 166 102 106 112 113 115 52 119 57 121 58 60 61 62 
101 65 130 66 134 72 9 137 73 10 74 77 78 143 144 81 147 87 24 153 90 91 156 159 31 95 164 166 38 104 106 172 174 176 115 52 118 56 121 61 
102 34 35 143 145 118 86 121 25 57 90 59 156 61 29 95 31 
103 128 129 1 2 3 131 133 6 12 140 142 14 16 17 19 148 20 150 23 151 152 24 155 156 33 162 34 39 168 169 170 43 171 44 46 175 177 53 58 59 61 62 63 64 71 73 75 76 78 80 82 84 85 88 91 94 95 98 101 105 107 108 109 110 111 112 113 116 119 122 123 124 125 126 127 
104 34 35 67 134 136 137 10 140 78 143 145 115 118 56 121 25 154 90 59 156 29 30 95 159 
105 128 129 1 3 131 132 5 6 134 7 8 137 139 14 143 16 147 19 20 23 151 152 32 33 36 164 165 39 40 43 172 174 50 53 59 68 69 70 74 76 81 85 86 91 93 94 101 102 107 117 119 120 122 124 125 
106 67 134 136 137 74 10 12 78 143 144 145 86 87 24 25 154 29 30 31 159 34 162 35 102 176 115 118 56 121 57 58 59 61 
107 128 129 4 135 137 139 12 15 18 146 147 21 152 155 28 32 33 34 162 164 36 37 38 168 41 43 44 174 46 176 51 55 57 58 65 74 78 80 81 83 85 90 91 94 96 105 106 109 112 116 119 121 124 126 
108 128 130 2 3 132 133 8 11 139 14 144 16 17 18 22 151 152 27 159 160 33 34 36 38 39 168 40 41 169 170 43 171 45 174 47 175 176 48 177 49 54 57 61 63 71 72 74 79 82 83 84 94 96 98 99 105 107 109 113 115 117 118 119 120 123 124 126 127 
109 2 3 132 133 6 7 8 137 138 10 139 11 14 144 16 17 146 147 20 148 151 152 154 156 31 36 165 166 167 169 171 43 45 175 48 176 49 50 55 56 59 63 65 69 74 78 80 81 82 86 87 92 93 94 100 101 104 105 107 112 116 117 124 125 127 
110 2 3 131 132 133 5 135 8 136 14 143 15 17 147 19 20 148 22 150 151 24 25 153 155 156 29 159 31 160 33 37 165 38 167 169 171 43 172 173 46 175 48 177 50 60 63 64 71 72 74 77 78 81 82 84 85 88 91 94 96 99 102 105 107 108 109 112 115 117 118 124 127 
111 129 65 66 135 7 8 72 10 11 12 141 78 145 81 146 83 147 152 24 25 90 156 92 29 95 161 34 99 163 100 102 106 172 46 174 113 49 115 116 54 118 121 58 60 125 
112 67 4 134 6 72 137 73 10 12 78 81 146 147 22 86 87 152 24 25 154 92 32 162 34 163 35 99 38 166 104 47 49 114 50 52 54 56 57 60 61 125 
113 6 8 9 137 10 138 11 12 78 143 146 147 22 152 24 153 25 154 90 91 156 92 30 161 34 101 37 102 38 39 106 174 176 49 114 50 115 52 56 121 57 125 61 
114 134 7 136 137 74 10 140 78 143 145 86 87 25 154 90 156 29 30 31 95 159 35 102 104 115 118 56 121 59 61 
115 67 134 136 10 74 140 78 145 86 87 25 90 154 156 29 30 159 31 95 34 102 118 56 121 59 61 
116 65 67 7 8 137 73 9 10 138 74 11 12 79 143 81 83 147 148 21 22 24 90 91 156 157 93 30 31 159 32 161 35 163 104 172 174 112 49 50 114 115 119 56 58 60 125 
117 130 66 134 136 72 73 138 10 140 77 78 144 81 146 22 24 25 90 156 157 29 30 95 159 34 162 35 164 166 102 106 172 174 47 49 113 115 118 56 61 62 
118 145 57 29 143 31 
119 4 6 134 136 73 138 11 140 78 143 79 144 81 146 147 83 86 87 152 153 91 92 156 29 30 159 161 37 101 106 174 47 113 114 50 115 117 56 57 58 61 
120 129 130 6 137 9 10 138 12 141 13 147 148 149 21 22 23 25 154 156 31 159 161 34 35 164 37 166 41 46 174 49 54 56 58 59 62 65 67 69 72 73 74 78 83 86 87 92 93 111 112 119 125 
121 145 35 118 57 156 29 143 95 31 
122 128 129 1 130 2 3 131 4 5 133 135 138 140 141 13 142 14 143 15 144 16 17 148 20 149 22 151 152 24 153 26 27 31 160 33 35 164 36 165 166 167 40 168 169 171 43 44 173 45 175 176 177 50 53 54 55 56 61 62 63 68 69 70 71 72 74 75 80 81 82 85 88 90 94 95 96 97 98 99 100 101 103 105 106 107 108 109 110 115 117 119 120 123 124 127 
123 1 2 131 3 4 133 135 136 9 12 142 14 144 16 145 17 146 147 20 150 22 151 152 25 155 27 156 31 161 33 162 163 35 164 165 38 167 41 169 170 43 171 44 45 173 174 46 175 176 48 177 52 53 54 63 66 67 70 71 74 75 77 80 82 83 85 93 94 96 98 101 103 105 107 108 109 110 113 114 118 124 125 126 127 
124 128 1 131 3 132 4 7 8 136 14 17 146 147 20 21 151 26 156 161 37 166 38 168 169 42 43 44 45 174 175 48 50 52 53 54 56 60 65 72 74 75 76 79 81 82 84 86 90 94 98 101 103 105 106 107 111 113 115 126 127 
125 65 130 67 4 69 6 134 9 73 138 10 74 12 140 78 143 144 147 148 22 87 153 25 90 91 92 157 29 95 159 31 162 35 37 102 106 174 56 121 58 
126 1 2 3 10 12 13 14 15 16 17 20 21 23 26 27 28 31 33 35 36 41 43 44 45 46 47 51 52 53 55 56 57 60 62 63 64 68 71 73 75 77 80 82 83 88 89 92 94 96 98 99 100 101 102 103 105 106 107 108 109 110 111 112 116 119 122 123 124 127 128 129 131 133 136 140 142 143 144 145 146 149 151 153 154 155 157 158 161 164 165 166 167 168 169 170 171 172 173 175 177 
127 3 5 6 10 141 14 144 17 145 19 20 23 151 152 26 155 27 156 29 30 31 160 163 38 166 39 40 169 43 172 175 177 49 53 56 59 60 62 64 65 72 76 77 82 85 86 88 94 98 100 101 105 107 109 111 123 124 125 
128 1 130 2 3 131 133 6 135 7 8 137 140 141 13 14 142 15 143 16 145 17 18 148 20 21 150 151 152 25 26 156 157 160 33 34 35 37 165 38 39 167 40 169 171 43 172 44 45 173 47 175 176 177 50 53 62 63 68 70 71 75 77 78 80 82 83 84 85 90 92 94 96 100 101 103 105 106 107 108 109 110 111 112 116 117 121 123 124 126 
129 130 67 4 132 136 9 138 74 11 140 12 141 146 83 148 21 85 87 153 91 156 93 95 159 31 161 163 99 100 164 101 102 104 106 174 176 112 49 114 54 118 119 121 59 60 125 61 
130 65 67 4 6 136 73 137 9 138 11 78 144 145 146 147 152 24 90 154 91 156 157 30 159 161 162 163 35 164 166 104 172 174 115 52 118 56 121 59 60 
131 2 3 132 5 133 134 8 10 138 142 14 15 17 18 149 150 22 151 152 154 29 159 33 162 35 164 36 37 168 169 42 171 43 45 174 46 175 177 50 51 53 54 57 58 63 66 68 71 75 78 81 82 85 93 94 96 97 99 101 105 107 108 109 110 111 115 116 124 127 
132 65 66 130 67 69 134 7 8 73 138 10 74 11 77 79 144 145 146 83 148 22 152 90 156 93 29 157 95 31 161 162 34 99 163 100 166 39 172 174 47 114 50 54 56 59 62 
133 128 129 1 2 3 131 132 136 9 139 142 14 144 16 17 18 146 20 149 22 151 153 27 156 29 30 158 31 161 33 35 165 38 39 167 168 169 170 43 171 172 44 45 173 175 176 49 177 52 53 59 61 62 63 70 71 75 77 80 81 82 86 88 89 93 94 103 104 105 107 108 109 110 111 112 115 118 119 120 121 123 124 125 127 
134 34 67 35 102 140 143 145 86 118 56 25 121 57 90 154 59 156 61 30 31 95 159 
135 69 134 6 7 136 8 137 9 10 138 140 12 79 81 146 85 21 86 87 25 153 90 91 92 156 157 159 95 31 161 162 34 99 35 166 39 104 106 47 176 113 114 115 116 57 58 60 62 
136 34 67 35 102 137 74 140 143 145 86 118 56 121 25 57 154 90 156 61 29 30 31 95 159 
137 34 67 35 102 134 74 140 143 145 118 86 121 25 57 154 90 59 29 61 30 31 159 
138 65 67 4 134 6 72 73 9 10 77 78 144 146 22 86 87 24 25 154 30 95 31 162 34 163 166 102 104 172 47 176 114 52 56 121 57 58 59 61 
139 2 3 4 5 10 11 12 14 15 16 17 18 19 21 24 26 27 28 33 34 35 36 38 42 43 44 45 46 49 50 51 52 53 55 58 61 63 64 67 69 70 71 73 75 76 80 81 82 84 88 92 94 95 96 98 99 100 102 103 105 106 107 108 109 110 111 113 119 122 123 124 125 126 127 128 129 131 133 134 140 141 142 144 151 152 155 157 162 164 165 166 167 168 169 170 171 172 173 175 177 
140 34 35 102 10 143 145 118 86 56 25 121 57 90 154 156 61 29 30 159 95 31 
141 130 69 6 135 136 137 9 10 138 12 77 78 79 143 144 81 146 147 87 152 25 153 91 92 30 31 159 162 35 100 101 166 104 106 172 113 49 114 118 54 56 57 121 59 60 61 
142 1 130 2 131 3 132 133 7 10 12 14 16 145 17 146 19 147 20 21 149 150 22 23 151 26 27 155 157 158 32 33 37 39 40 41 169 43 171 172 44 45 174 46 175 177 53 57 61 63 65 66 67 68 69 70 71 72 74 75 79 80 82 87 89 91 94 95 96 98 100 102 103 104 105 107 108 109 110 112 113 114 119 124 127 
143 145 57 29 31 
144 67 134 7 136 10 74 12 78 86 87 154 90 156 29 30 95 159 34 35 38 102 104 114 115 118 56 57 121 58 59 61 
145 29 31 
146 67 4 134 6 7 72 8 9 137 140 12 77 78 143 144 81 145 86 87 152 24 153 156 30 95 159 31 32 161 162 35 102 104 47 52 118 56 57 121 58 59 61 
147 65 67 7 136 72 8 73 137 74 138 11 12 81 146 86 24 154 90 156 157 29 30 159 31 95 162 163 164 37 38 104 172 176 115 118 121 58 59 60 
148 65 130 66 67 6 7 8 72 73 9 137 10 74 77 143 144 81 146 86 87 152 25 154 90 156 159 34 162 35 163 102 104 106 174 176 49 50 118 121 57 58 60 
149 65 4 69 6 7 138 11 12 77 13 19 148 150 87 152 153 90 91 156 92 93 157 159 95 160 162 34 164 101 166 104 41 42 106 170 174 47 112 114 118 56 58 59 61 62 
150 65 66 130 132 135 72 74 12 140 141 79 145 146 83 21 86 24 153 90 154 156 93 31 32 161 162 34 99 163 100 38 41 106 172 111 48 113 49 116 52 118 119 56 57 121 58 60 62 
151 128 129 3 4 135 7 8 13 14 145 146 18 21 149 152 24 153 154 26 32 163 39 167 168 43 44 45 175 176 177 49 52 54 55 58 59 61 62 79 83 84 86 88 93 94 102 104 105 107 113 115 119 120 121 
152 67 4 134 7 136 8 72 137 10 74 12 140 77 143 144 145 81 25 154 156 29 30 95 161 34 102 38 39 106 176 115 52 118 56 121 57 58 59 
153 67 4 8 72 136 137 10 78 143 144 81 145 86 152 25 156 95 161 34 162 35 37 38 102 39 104 106 176 52 118 56 57 58 59 
154 34 35 102 143 145 86 118 121 57 25 90 59 156 61 29 31 95 
155 1 2 3 4 5 6 11 13 14 15 16 17 18 19 20 21 22 23 26 27 28 29 30 32 33 36 42 43 44 45 47 51 53 54 55 61 63 64 65 68 69 70 71 73 75 76 79 80 82 84 85 86 87 88 91 92 93 94 96 97 98 99 103 105 106 107 108 109 111 115 116 118 121 122 123 124 126 128 129 131 133 140 142 143 145 146 147 151 153 156 162 165 167 168 169 171 172 174 175 177 
156 145 118 57 29 95 143 31 
157 4 134 7 8 136 137 10 140 12 77 78 143 144 81 24 152 153 90 154 29 30 159 95 32 162 34 163 35 37 102 104 172 176 114 115 52 118 121 59 
158 1 2 3 5 8 10 13 14 15 16 17 20 26 28 31 33 35 36 38 40 41 43 44 45 47 48 49 50 51 52 53 54 55 57 60 63 64 69 70 71 75 76 78 82 84 86 88 89 93 94 96 97 98 99 100 101 103 105 107 108 109 110 113 114 120 121 122 123 124 125 126 127 128 129 131 133 136 139 141 142 144 147 150 151 154 155 157 159 160 161 162 163 164 167 168 169 171 173 175 177 
159 34 35 102 143 145 118 86 56 57 121 25 154 90 59 156 29 61 95 31 
160 67 4 132 69 135 72 136 9 137 10 74 141 77 78 144 81 146 147 148 87 24 153 90 29 95 162 99 35 163 101 166 102 39 104 174 111 47 112 49 115 52 58 59 60 125 62 
161 67 134 137 74 10 140 78 145 86 87 24 90 154 156 29 30 95 159 162 34 35 102 104 106 176 114 115 118 57 121 59 61 
162 67 134 7 136 137 74 10 12 140 78 143 145 86 87 25 154 90 30 95 159 31 34 104 114 115 118 56 121 59 61 
163 6 7 137 9 74 140 77 143 144 81 145 146 86 87 24 152 25 153 90 156 29 31 159 32 161 162 35 102 39 104 106 47 176 114 56 57 58 59 61 
164 66 4 134 72 136 138 10 11 12 77 78 143 145 86 24 152 153 90 154 91 156 29 30 159 32 161 162 37 102 39 106 172 174 114 52 56 57 58 61 
165 128 1 2 131 3 132 8 138 11 12 14 142 15 144 17 146 19 20 149 150 23 151 24 27 29 159 32 33 34 35 36 166 167 40 41 169 170 43 171 44 45 173 46 175 177 50 52 53 55 56 63 65 66 68 70 71 75 77 78 79 80 81 82 83 84 86 89 94 96 97 99 103 104 105 106 107 108 109 110 115 116 119 121 124 125 127 
166 65 66 4 6 134 8 136 9 73 74 77 143 145 146 86 87 152 153 90 154 157 29 30 95 31 32 161 35 37 38 39 104 106 172 115 52 118 56 121 57 58 59 61 
167 1 130 2 3 131 132 4 135 7 136 137 138 139 11 140 13 142 14 143 16 17 146 19 20 149 150 151 153 25 154 155 31 32 34 164 37 38 39 41 169 43 171 172 44 173 46 174 47 175 177 52 53 55 56 59 62 63 64 65 70 71 75 76 77 80 81 82 85 88 93 94 96 99 103 105 107 108 109 110 116 117 119 120 124 127 
168 128 1 2 3 131 132 133 134 6 7 135 136 137 11 139 142 14 15 144 16 145 17 18 20 149 150 151 152 153 28 157 29 158 30 32 33 164 36 165 166 38 39 167 169 42 170 171 43 172 44 173 45 174 175 48 49 177 52 53 55 60 63 64 66 68 70 71 72 75 77 78 80 81 82 83 86 88 90 94 96 98 100 103 104 105 107 108 109 110 116 118 120 123 124 127 
169 1 3 4 136 137 139 12 13 142 14 16 145 17 146 147 148 150 151 24 155 157 30 31 161 163 166 39 42 43 172 48 49 51 54 58 59 73 79 82 85 88 92 94 95 97 98 100 105 107 108 111 112 113 115 118 119 124 126 
170 130 66 4 69 134 7 11 77 79 144 148 21 86 87 152 154 93 157 159 160 32 161 34 99 163 35 164 101 166 102 104 172 174 46 111 176 113 115 116 118 57 121 58 59 60 125 62 
171 129 130 131 3 4 5 133 141 142 14 143 17 19 20 149 150 151 24 153 25 154 157 30 33 162 163 164 37 38 167 39 40 169 42 43 174 47 175 176 48 52 55 56 59 62 64 65 73 74 82 84 85 87 94 95 98 102 105 107 109 113 118 122 124 125 127 
172 67 4 136 8 72 74 140 77 78 143 81 145 86 87 24 153 25 90 154 29 30 31 95 161 35 102 38 39 104 114 52 118 56 57 121 58 61 
173 129 1 2 131 3 132 134 7 136 138 10 13 141 14 142 15 16 17 18 149 22 151 24 158 30 159 31 32 161 33 162 36 165 37 166 167 40 169 171 43 44 45 46 47 175 177 53 54 59 60 61 63 66 67 70 71 75 80 82 83 85 86 88 93 94 96 98 103 105 107 108 109 110 111 112 115 116 118 121 123 124 127 
174 67 4 6 7 8 136 137 9 73 138 10 12 77 78 144 145 22 86 154 90 157 29 30 159 31 32 161 162 34 35 163 37 166 39 172 47 176 114 52 57 121 59 61 
175 129 3 4 11 139 141 142 14 15 144 17 18 22 151 152 24 153 155 32 38 166 39 40 169 171 43 45 48 177 49 53 60 73 74 75 79 80 82 85 86 89 91 93 94 95 97 98 103 104 105 107 109 113 114 119 120 123 124 126 127 
176 67 134 7 136 137 74 12 78 143 87 25 90 156 29 159 95 34 162 35 102 104 114 115 56 57 121 58 61 
177 1 2 131 3 5 135 137 138 139 140 13 142 14 143 15 16 17 19 21 149 151 152 153 25 26 154 27 29 30 159 161 33 162 164 165 38 39 41 169 43 171 175 52 63 65 66 69 71 72 74 75 80 82 83 89 90 91 92 94 97 98 105 107 108 109 111 116 118 124 127 
